! Abundances in relative abundances with respect to Hydrogen
H2          = 0.499000D-00 ! 0.499975D-00
H           = 5.000000D-05 ! 5.000000D-05
He          = 9.000000D-02 ! 1.400000D-01  9.000000D-02
C           = 1.700000D-04 ! 7.300000D-05  1.400000D-04
S           = 8.000000D-08 ! 8.000000D-08  1.500000D-05
Fe          = 3.000000D-09 ! 3.000000D-09  7.400000D-06
Mg          = 7.000000D-09 ! 7.000000D-09  2.550000D-05
P           = 2.000000D-10 ! 3.000000D-09  2.300000D-07
N           = 6.200000D-05 ! 2.140000D-05  7.500000D-05
O           = 1.549065E-04 ! 1.760000D-04  2.428571D-04
Si          = 8.000000D-09 ! 8.000000D-09  1.950000D-05
Na          = 2.000000D-09 !
Cl          = 1.000000D-09 ! 4.000000D-09  1.400000D-07
F           = 6.680000D-09 !
